coord   	geo
origin   0.000000   0.000000

kappa 2  0 1000 5
kappa 2  2000  10000 4
kappa 2  20000  100000 4

smooth   	2d
surface  	free
#lsqlin  3000    1e-30                           # defaults are shown
project on

#                  Fault_start   Fault_end    Fault_depth        Displacement    [---Inversion_ranges-----------]  Num_patches
#fault type name   lon1   lat1   lon2   lat2   z1  z2      dip    ss  ds  ts     ss0  ssX    ds0  dsX    ts0  tsX   Nd   Ns
fault 2 Kivu  29.27000000 -1.650 29.27 -1.85   0. 1.0e+04  30.00  0. 0.   0.   0.     3.0    0.0 0.00    0.00 3.    10   20
# the above is now inverted for the below synthetic sites across 0-3 m of both strike-slip and opening
#grid KivuGrid 0.00  0.00      28.96000000 -2.05000000      29.5700 -1.4500     15  15
point 3 KivuGrid_1_1	   28.96000000  -1.45000000  0.00000e+00     0.00697   -0.01970    0.00786     0.00300    0.00400    0.00800  1.00 
point 3 KivuGrid_2_1	   28.96000000  -1.49285714  0.00000e+00     0.00900   -0.02258   -0.00872     0.00300    0.00400    0.00800  1.00 
point 3 KivuGrid_3_1	   28.96000000  -1.53571429  0.00000e+00     0.00491   -0.01840    0.00042     0.00300    0.00400    0.00800  1.00 
point 3 KivuGrid_4_1	   28.96000000  -1.57857143  0.00000e+00    -0.00706   -0.02061    0.01758     0.00300    0.00400    0.00800  1.00 
point 3 KivuGrid_5_1	   28.96000000  -1.62142857  0.00000e+00    -0.02726   -0.00308    0.00040     0.00300    0.00400    0.00800  1.00 
point 3 KivuGrid_6_1	   28.96000000  -1.66428571  0.00000e+00    -0.05505   -0.00499    0.03193     0.00300    0.00400    0.00800  1.00 
point 3 KivuGrid_7_1	   28.96000000  -1.70714286  0.00000e+00    -0.09996   -0.01611    0.02327     0.00300    0.00400    0.00800  1.00 
point 3 KivuGrid_8_1	   28.96000000  -1.75000000  0.00000e+00    -0.12225   -0.03098    0.03574     0.00300    0.00400    0.00800  1.00 
point 3 KivuGrid_9_1	   28.96000000  -1.79285714  0.00000e+00    -0.13902   -0.04822    0.02267     0.00300    0.00400    0.00800  1.00 
point 3 KivuGrid_10_1	   28.96000000  -1.83571429  0.00000e+00    -0.13901   -0.05949    0.03445     0.00300    0.00400    0.00800  1.00 
point 3 KivuGrid_11_1	   28.96000000  -1.87857143  0.00000e+00    -0.11754   -0.07497    0.02162     0.00300    0.00400    0.00800  1.00 
point 3 KivuGrid_12_1	   28.96000000  -1.92142857  0.00000e+00    -0.09538   -0.06479    0.02422     0.00300    0.00400    0.00800  1.00 
point 3 KivuGrid_13_1	   28.96000000  -1.96428571  0.00000e+00    -0.06804   -0.05973    0.00381     0.00300    0.00400    0.00800  1.00 
point 3 KivuGrid_14_1	   28.96000000  -2.00714286  0.00000e+00    -0.05556   -0.05105   -0.00167     0.00300    0.00400    0.00800  1.00 
point 3 KivuGrid_15_1	   28.96000000  -2.05000000  0.00000e+00    -0.04088   -0.03752   -0.00412     0.00300    0.00400    0.00800  1.00 
point 3 KivuGrid_1_2	   29.00357143  -1.45000000  0.00000e+00     0.01224   -0.01775    0.02192     0.00300    0.00400    0.00800  1.00 
point 3 KivuGrid_2_2	   29.00357143  -1.49285714  0.00000e+00     0.00873   -0.02220    0.00428     0.00300    0.00400    0.00800  1.00 
point 3 KivuGrid_3_2	   29.00357143  -1.53571429  0.00000e+00     0.00870   -0.01992   -0.00441     0.00300    0.00400    0.00800  1.00 
point 3 KivuGrid_4_2	   29.00357143  -1.57857143  0.00000e+00    -0.00512   -0.01556    0.02014     0.00300    0.00400    0.00800  1.00 
point 3 KivuGrid_5_2	   29.00357143  -1.62142857  0.00000e+00    -0.03068   -0.00976    0.02266     0.00300    0.00400    0.00800  1.00 
point 3 KivuGrid_6_2	   29.00357143  -1.66428571  0.00000e+00    -0.08367   -0.00099    0.03663     0.00300    0.00400    0.00800  1.00 
point 3 KivuGrid_7_2	   29.00357143  -1.70714286  0.00000e+00    -0.14523   -0.01332    0.06220     0.00300    0.00400    0.00800  1.00 
point 3 KivuGrid_8_2	   29.00357143  -1.75000000  0.00000e+00    -0.19302   -0.04251    0.07763     0.00300    0.00400    0.00800  1.00 
point 3 KivuGrid_9_2	   29.00357143  -1.79285714  0.00000e+00    -0.21416   -0.07577    0.06793     0.00300    0.00400    0.00800  1.00 
point 3 KivuGrid_10_2	   29.00357143  -1.83571429  0.00000e+00    -0.19582   -0.10101    0.06501     0.00300    0.00400    0.00800  1.00 
point 3 KivuGrid_11_2	   29.00357143  -1.87857143  0.00000e+00    -0.16622   -0.10525    0.04397     0.00300    0.00400    0.00800  1.00 
point 3 KivuGrid_12_2	   29.00357143  -1.92142857  0.00000e+00    -0.12120   -0.09925    0.02352     0.00300    0.00400    0.00800  1.00 
point 3 KivuGrid_13_2	   29.00357143  -1.96428571  0.00000e+00    -0.08313   -0.08371    0.01893     0.00300    0.00400    0.00800  1.00 
point 3 KivuGrid_14_2	   29.00357143  -2.00714286  0.00000e+00    -0.05142   -0.06150    0.01343     0.00300    0.00400    0.00800  1.00 
point 3 KivuGrid_15_2	   29.00357143  -2.05000000  0.00000e+00    -0.04382   -0.05151   -0.00716     0.00300    0.00400    0.00800  1.00 
point 3 KivuGrid_1_3	   29.04714286  -1.45000000  0.00000e+00     0.01656   -0.02285    0.01487     0.00300    0.00400    0.00800  1.00 
point 3 KivuGrid_2_3	   29.04714286  -1.49285714  0.00000e+00     0.01368   -0.03531    0.00774     0.00300    0.00400    0.00800  1.00 
point 3 KivuGrid_3_3	   29.04714286  -1.53571429  0.00000e+00     0.01524   -0.04107    0.00590     0.00300    0.00400    0.00800  1.00 
point 3 KivuGrid_4_3	   29.04714286  -1.57857143  0.00000e+00     0.00751   -0.02682    0.00084     0.00300    0.00400    0.00800  1.00 
point 3 KivuGrid_5_3	   29.04714286  -1.62142857  0.00000e+00    -0.03865   -0.01492    0.03318     0.00300    0.00400    0.00800  1.00 
point 3 KivuGrid_6_3	   29.04714286  -1.66428571  0.00000e+00    -0.12167   -0.00000    0.08194     0.00300    0.00400    0.00800  1.00 
point 3 KivuGrid_7_3	   29.04714286  -1.70714286  0.00000e+00    -0.22529   -0.02883    0.13553     0.00300    0.00400    0.00800  1.00 
point 3 KivuGrid_8_3	   29.04714286  -1.75000000  0.00000e+00    -0.30344   -0.08267    0.16298     0.00300    0.00400    0.00800  1.00 
point 3 KivuGrid_9_3	   29.04714286  -1.79285714  0.00000e+00    -0.32891   -0.13081    0.18054     0.00300    0.00400    0.00800  1.00 
point 3 KivuGrid_10_3	   29.04714286  -1.83571429  0.00000e+00    -0.30173   -0.16731    0.16201     0.00300    0.00400    0.00800  1.00 
point 3 KivuGrid_11_3	   29.04714286  -1.87857143  0.00000e+00    -0.22445   -0.17584    0.10894     0.00300    0.00400    0.00800  1.00 
point 3 KivuGrid_12_3	   29.04714286  -1.92142857  0.00000e+00    -0.14599   -0.13945    0.05006     0.00300    0.00400    0.00800  1.00 
point 3 KivuGrid_13_3	   29.04714286  -1.96428571  0.00000e+00    -0.08793   -0.10687    0.02730     0.00300    0.00400    0.00800  1.00 
point 3 KivuGrid_14_3	   29.04714286  -2.00714286  0.00000e+00    -0.05299   -0.06877    0.01496     0.00300    0.00400    0.00800  1.00 
point 3 KivuGrid_15_3	   29.04714286  -2.05000000  0.00000e+00    -0.03432   -0.04650    0.00091     0.00300    0.00400    0.00800  1.00 
point 3 KivuGrid_1_4	   29.09071429  -1.45000000  0.00000e+00     0.01301   -0.01837    0.00531     0.00300    0.00400    0.00800  1.00 
point 3 KivuGrid_2_4	   29.09071429  -1.49285714  0.00000e+00     0.01486   -0.03906    0.00062     0.00300    0.00400    0.00800  1.00 
point 3 KivuGrid_3_4	   29.09071429  -1.53571429  0.00000e+00     0.02411   -0.04863    0.00548     0.00300    0.00400    0.00800  1.00 
point 3 KivuGrid_4_4	   29.09071429  -1.57857143  0.00000e+00     0.02072   -0.04003    0.02216     0.00300    0.00400    0.00800  1.00 
point 3 KivuGrid_5_4	   29.09071429  -1.62142857  0.00000e+00    -0.02226   -0.02453    0.04737     0.00300    0.00400    0.00800  1.00 
point 3 KivuGrid_6_4	   29.09071429  -1.66428571  0.00000e+00    -0.16900   -0.01833    0.16660     0.00300    0.00400    0.00800  1.00 
point 3 KivuGrid_7_4	   29.09071429  -1.70714286  0.00000e+00    -0.32498   -0.07878    0.31685     0.00300    0.00400    0.00800  1.00 
point 3 KivuGrid_8_4	   29.09071429  -1.75000000  0.00000e+00    -0.42188   -0.15825    0.37964     0.00300    0.00400    0.00800  1.00 
point 3 KivuGrid_9_4	   29.09071429  -1.79285714  0.00000e+00    -0.46191   -0.22593    0.38341     0.00300    0.00400    0.00800  1.00 
point 3 KivuGrid_10_4	   29.09071429  -1.83571429  0.00000e+00    -0.40991   -0.28600    0.32607     0.00300    0.00400    0.00800  1.00 
point 3 KivuGrid_11_4	   29.09071429  -1.87857143  0.00000e+00    -0.27773   -0.28676    0.20501     0.00300    0.00400    0.00800  1.00 
point 3 KivuGrid_12_4	   29.09071429  -1.92142857  0.00000e+00    -0.15663   -0.19429    0.08307     0.00300    0.00400    0.00800  1.00 
point 3 KivuGrid_13_4	   29.09071429  -1.96428571  0.00000e+00    -0.07849   -0.12570    0.03536     0.00300    0.00400    0.00800  1.00 
point 3 KivuGrid_14_4	   29.09071429  -2.00714286  0.00000e+00    -0.05130   -0.08157    0.01800     0.00300    0.00400    0.00800  1.00 
point 3 KivuGrid_15_4	   29.09071429  -2.05000000  0.00000e+00    -0.02599   -0.04999    0.00273     0.00300    0.00400    0.00800  1.00 
point 3 KivuGrid_1_5	   29.13428571  -1.45000000  0.00000e+00     0.01469   -0.02638    0.01314     0.00300    0.00400    0.00800  1.00 
point 3 KivuGrid_2_5	   29.13428571  -1.49285714  0.00000e+00     0.01734   -0.04703    0.02249     0.00300    0.00400    0.00800  1.00 
point 3 KivuGrid_3_5	   29.13428571  -1.53571429  0.00000e+00     0.02268   -0.06050   -0.01911     0.00300    0.00400    0.00800  1.00 
point 3 KivuGrid_4_5	   29.13428571  -1.57857143  0.00000e+00     0.03752   -0.07961   -0.00088     0.00300    0.00400    0.00800  1.00 
point 3 KivuGrid_5_5	   29.13428571  -1.62142857  0.00000e+00     0.00079   -0.04565    0.04857     0.00300    0.00400    0.00800  1.00 
point 3 KivuGrid_6_5	   29.13428571  -1.66428571  0.00000e+00    -0.17596   -0.03473    0.27732     0.00300    0.00400    0.00800  1.00 
point 3 KivuGrid_7_5	   29.13428571  -1.70714286  0.00000e+00    -0.37087   -0.18231    0.53587     0.00300    0.00400    0.00800  1.00 
point 3 KivuGrid_8_5	   29.13428571  -1.75000000  0.00000e+00    -0.46549   -0.29402    0.63429     0.00300    0.00400    0.00800  1.00 
point 3 KivuGrid_9_5	   29.13428571  -1.79285714  0.00000e+00    -0.50186   -0.35163    0.65601     0.00300    0.00400    0.00800  1.00 
point 3 KivuGrid_10_5	   29.13428571  -1.83571429  0.00000e+00    -0.45175   -0.41867    0.58169     0.00300    0.00400    0.00800  1.00 
point 3 KivuGrid_11_5	   29.13428571  -1.87857143  0.00000e+00    -0.26316   -0.39500    0.30025     0.00300    0.00400    0.00800  1.00 
point 3 KivuGrid_12_5	   29.13428571  -1.92142857  0.00000e+00    -0.11684   -0.23275    0.10183     0.00300    0.00400    0.00800  1.00 
point 3 KivuGrid_13_5	   29.13428571  -1.96428571  0.00000e+00    -0.05767   -0.12303    0.04003     0.00300    0.00400    0.00800  1.00 
point 3 KivuGrid_14_5	   29.13428571  -2.00714286  0.00000e+00    -0.03877   -0.07129    0.01236     0.00300    0.00400    0.00800  1.00 
point 3 KivuGrid_15_5	   29.13428571  -2.05000000  0.00000e+00    -0.02148   -0.04858    0.01802     0.00300    0.00400    0.00800  1.00 
point 3 KivuGrid_1_6	   29.17785714  -1.45000000  0.00000e+00     0.01031   -0.02684    0.00241     0.00300    0.00400    0.00800  1.00 
point 3 KivuGrid_2_6	   29.17785714  -1.49285714  0.00000e+00     0.01423   -0.04268    0.00558     0.00300    0.00400    0.00800  1.00 
point 3 KivuGrid_3_6	   29.17785714  -1.53571429  0.00000e+00     0.02102   -0.06114    0.00745     0.00300    0.00400    0.00800  1.00 
point 3 KivuGrid_4_6	   29.17785714  -1.57857143  0.00000e+00     0.02276   -0.09513   -0.01541     0.00300    0.00400    0.00800  1.00 
point 3 KivuGrid_5_6	   29.17785714  -1.62142857  0.00000e+00     0.02461   -0.10857   -0.00316     0.00300    0.00400    0.00800  1.00 
point 3 KivuGrid_6_6	   29.17785714  -1.66428571  0.00000e+00    -0.18097   -0.09019    0.36124     0.00300    0.00400    0.00800  1.00 
point 3 KivuGrid_7_6	   29.17785714  -1.70714286  0.00000e+00    -0.38017   -0.34417    0.69080     0.00300    0.00400    0.00800  1.00 
point 3 KivuGrid_8_6	   29.17785714  -1.75000000  0.00000e+00    -0.44254   -0.45753    0.77040     0.00300    0.00400    0.00800  1.00 
point 3 KivuGrid_9_6	   29.17785714  -1.79285714  0.00000e+00    -0.47341   -0.47847    0.82072     0.00300    0.00400    0.00800  1.00 
point 3 KivuGrid_10_6	   29.17785714  -1.83571429  0.00000e+00    -0.44545   -0.52435    0.73823     0.00300    0.00400    0.00800  1.00 
point 3 KivuGrid_11_6	   29.17785714  -1.87857143  0.00000e+00    -0.18789   -0.43876    0.29399     0.00300    0.00400    0.00800  1.00 
point 3 KivuGrid_12_6	   29.17785714  -1.92142857  0.00000e+00    -0.06512   -0.20089    0.07171     0.00300    0.00400    0.00800  1.00 
point 3 KivuGrid_13_6	   29.17785714  -1.96428571  0.00000e+00    -0.03242   -0.09982    0.04237     0.00300    0.00400    0.00800  1.00 
point 3 KivuGrid_14_6	   29.17785714  -2.00714286  0.00000e+00    -0.01845   -0.05618    0.01686     0.00300    0.00400    0.00800  1.00 
point 3 KivuGrid_15_6	   29.17785714  -2.05000000  0.00000e+00    -0.01443   -0.03065    0.01362     0.00300    0.00400    0.00800  1.00 
point 3 KivuGrid_1_7	   29.22142857  -1.45000000  0.00000e+00     0.01043   -0.02121   -0.00061     0.00300    0.00400    0.00800  1.00 
point 3 KivuGrid_2_7	   29.22142857  -1.49285714  0.00000e+00     0.01060   -0.03322    0.01304     0.00300    0.00400    0.00800  1.00 
point 3 KivuGrid_3_7	   29.22142857  -1.53571429  0.00000e+00     0.01923   -0.04751   -0.00619     0.00300    0.00400    0.00800  1.00 
point 3 KivuGrid_4_7	   29.22142857  -1.57857143  0.00000e+00     0.02209   -0.07912   -0.00374     0.00300    0.00400    0.00800  1.00 
point 3 KivuGrid_5_7	   29.22142857  -1.62142857  0.00000e+00     0.03722   -0.16262   -0.03318     0.00300    0.00400    0.00800  1.00 
point 3 KivuGrid_6_7	   29.22142857  -1.66428571  0.00000e+00    -0.25413   -0.22114    0.47968     0.00300    0.00400    0.00800  1.00 
point 3 KivuGrid_7_7	   29.22142857  -1.70714286  0.00000e+00    -0.40528   -0.57519    0.78871     0.00300    0.00400    0.00800  1.00 
point 3 KivuGrid_8_7	   29.22142857  -1.75000000  0.00000e+00    -0.42246   -0.64489    0.83139     0.00300    0.00400    0.00800  1.00 
point 3 KivuGrid_9_7	   29.22142857  -1.79285714  0.00000e+00    -0.44303   -0.61281    0.87600     0.00300    0.00400    0.00800  1.00 
point 3 KivuGrid_10_7	   29.22142857  -1.83571429  0.00000e+00    -0.44820   -0.56736    0.86150     0.00300    0.00400    0.00800  1.00 
point 3 KivuGrid_11_7	   29.22142857  -1.87857143  0.00000e+00    -0.07569   -0.33402    0.16882     0.00300    0.00400    0.00800  1.00 
point 3 KivuGrid_12_7	   29.22142857  -1.92142857  0.00000e+00    -0.02165   -0.11054    0.05168     0.00300    0.00400    0.00800  1.00 
point 3 KivuGrid_13_7	   29.22142857  -1.96428571  0.00000e+00    -0.00906   -0.05230    0.01664     0.00300    0.00400    0.00800  1.00 
point 3 KivuGrid_14_7	   29.22142857  -2.00714286  0.00000e+00    -0.01467   -0.02520    0.01023     0.00300    0.00400    0.00800  1.00 
point 3 KivuGrid_15_7	   29.22142857  -2.05000000  0.00000e+00    -0.01103   -0.01808    0.01283     0.00300    0.00400    0.00800  1.00 
point 3 KivuGrid_1_8	   29.26500000  -1.45000000  0.00000e+00     0.01142   -0.00345   -0.01081     0.00300    0.00400    0.00800  1.00 
point 3 KivuGrid_2_8	   29.26500000  -1.49285714  0.00000e+00     0.01393   -0.01173    0.00673     0.00300    0.00400    0.00800  1.00 
point 3 KivuGrid_3_8	   29.26500000  -1.53571429  0.00000e+00     0.01674   -0.02434   -0.00137     0.00300    0.00400    0.00800  1.00 
point 3 KivuGrid_4_8	   29.26500000  -1.57857143  0.00000e+00     0.02090   -0.02784    0.00028     0.00300    0.00400    0.00800  1.00 
point 3 KivuGrid_5_8	   29.26500000  -1.62142857  0.00000e+00     0.03247   -0.05211   -0.03126     0.00300    0.00400    0.00800  1.00 
point 3 KivuGrid_6_8	   29.26500000  -1.66428571  0.00000e+00    -0.39927   -0.76513    0.78701     0.00300    0.00400    0.00800  1.00 
point 3 KivuGrid_7_8	   29.26500000  -1.70714286  0.00000e+00    -0.41735   -0.79705    0.81776     0.00300    0.00400    0.00800  1.00 
point 3 KivuGrid_8_8	   29.26500000  -1.75000000  0.00000e+00    -0.42138   -0.79327    0.84737     0.00300    0.00400    0.00800  1.00 
point 3 KivuGrid_9_8	   29.26500000  -1.79285714  0.00000e+00    -0.43577   -0.77948    0.87171     0.00300    0.00400    0.00800  1.00 
point 3 KivuGrid_10_8	   29.26500000  -1.83571429  0.00000e+00    -0.44967   -0.71443    0.89457     0.00300    0.00400    0.00800  1.00 
point 3 KivuGrid_11_8	   29.26500000  -1.87857143  0.00000e+00    -0.02100   -0.00896    0.05447     0.00300    0.00400    0.00800  1.00 
point 3 KivuGrid_12_8	   29.26500000  -1.92142857  0.00000e+00    -0.00895   -0.00453    0.04300     0.00300    0.00400    0.00800  1.00 
point 3 KivuGrid_13_8	   29.26500000  -1.96428571  0.00000e+00    -0.00877   -0.00564    0.01352     0.00300    0.00400    0.00800  1.00 
point 3 KivuGrid_14_8	   29.26500000  -2.00714286  0.00000e+00    -0.01484   -0.00403    0.00512     0.00300    0.00400    0.00800  1.00 
point 3 KivuGrid_15_8	   29.26500000  -2.05000000  0.00000e+00    -0.01164    0.00052    0.01782     0.00300    0.00400    0.00800  1.00 
point 3 KivuGrid_1_9	   29.30857143  -1.45000000  0.00000e+00     0.01489    0.00697   -0.00249     0.00300    0.00400    0.00800  1.00 
point 3 KivuGrid_2_9	   29.30857143  -1.49285714  0.00000e+00     0.01687    0.00312   -0.01292     0.00300    0.00400    0.00800  1.00 
point 3 KivuGrid_3_9	   29.30857143  -1.53571429  0.00000e+00     0.02340    0.01435   -0.01443     0.00300    0.00400    0.00800  1.00 
point 3 KivuGrid_4_9	   29.30857143  -1.57857143  0.00000e+00     0.03947    0.01505   -0.01038     0.00300    0.00400    0.00800  1.00 
point 3 KivuGrid_5_9	   29.30857143  -1.62142857  0.00000e+00     0.06950    0.03836   -0.02265     0.00300    0.00400    0.00800  1.00 
point 3 KivuGrid_6_9	   29.30857143  -1.66428571  0.00000e+00     0.09831    0.06573   -0.03762     0.00300    0.00400    0.00800  1.00 
point 3 KivuGrid_7_9	   29.30857143  -1.70714286  0.00000e+00     0.08362    0.08739   -0.02433     0.00300    0.00400    0.00800  1.00 
point 3 KivuGrid_8_9	   29.30857143  -1.75000000  0.00000e+00     0.07054    0.10481   -0.00950     0.00300    0.00400    0.00800  1.00 
point 3 KivuGrid_9_9	   29.30857143  -1.79285714  0.00000e+00     0.03918    0.09673   -0.00584     0.00300    0.00400    0.00800  1.00 
point 3 KivuGrid_10_9	   29.30857143  -1.83571429  0.00000e+00    -0.00559    0.08274    0.01650     0.00300    0.00400    0.00800  1.00 
point 3 KivuGrid_11_9	   29.30857143  -1.87857143  0.00000e+00    -0.02999    0.05199    0.02183     0.00300    0.00400    0.00800  1.00 
point 3 KivuGrid_12_9	   29.30857143  -1.92142857  0.00000e+00    -0.02179    0.03807    0.03292     0.00300    0.00400    0.00800  1.00 
point 3 KivuGrid_13_9	   29.30857143  -1.96428571  0.00000e+00    -0.01322    0.00820    0.00669     0.00300    0.00400    0.00800  1.00 
point 3 KivuGrid_14_9	   29.30857143  -2.00714286  0.00000e+00    -0.01257    0.01243    0.02591     0.00300    0.00400    0.00800  1.00 
point 3 KivuGrid_15_9	   29.30857143  -2.05000000  0.00000e+00    -0.01341    0.00817    0.00559     0.00300    0.00400    0.00800  1.00 
point 3 KivuGrid_1_10	   29.35214286  -1.45000000  0.00000e+00     0.01153    0.01635   -0.00378     0.00300    0.00400    0.00800  1.00 
point 3 KivuGrid_2_10	   29.35214286  -1.49285714  0.00000e+00     0.02186    0.01370    0.00195     0.00300    0.00400    0.00800  1.00 
point 3 KivuGrid_3_10	   29.35214286  -1.53571429  0.00000e+00     0.03190    0.02608   -0.00278     0.00300    0.00400    0.00800  1.00 
point 3 KivuGrid_4_10	   29.35214286  -1.57857143  0.00000e+00     0.04502    0.03585   -0.01581     0.00300    0.00400    0.00800  1.00 
point 3 KivuGrid_5_10	   29.35214286  -1.62142857  0.00000e+00     0.06598    0.03671   -0.01135     0.00300    0.00400    0.00800  1.00 
point 3 KivuGrid_6_10	   29.35214286  -1.66428571  0.00000e+00     0.06802    0.04217   -0.03058     0.00300    0.00400    0.00800  1.00 
point 3 KivuGrid_7_10	   29.35214286  -1.70714286  0.00000e+00     0.07047    0.05514   -0.00649     0.00300    0.00400    0.00800  1.00 
point 3 KivuGrid_8_10	   29.35214286  -1.75000000  0.00000e+00     0.05052    0.05029   -0.00046     0.00300    0.00400    0.00800  1.00 
point 3 KivuGrid_9_10	   29.35214286  -1.79285714  0.00000e+00     0.02625    0.04936    0.00026     0.00300    0.00400    0.00800  1.00 
point 3 KivuGrid_10_10	   29.35214286  -1.83571429  0.00000e+00     0.00050    0.04085    0.01334     0.00300    0.00400    0.00800  1.00 
point 3 KivuGrid_11_10	   29.35214286  -1.87857143  0.00000e+00    -0.01150    0.03736    0.02362     0.00300    0.00400    0.00800  1.00 
point 3 KivuGrid_12_10	   29.35214286  -1.92142857  0.00000e+00    -0.01394    0.03194    0.01328     0.00300    0.00400    0.00800  1.00 
point 3 KivuGrid_13_10	   29.35214286  -1.96428571  0.00000e+00    -0.01842    0.02473    0.01819     0.00300    0.00400    0.00800  1.00 
point 3 KivuGrid_14_10	   29.35214286  -2.00714286  0.00000e+00    -0.00704    0.01632    0.01699     0.00300    0.00400    0.00800  1.00 
point 3 KivuGrid_15_10	   29.35214286  -2.05000000  0.00000e+00    -0.00549    0.00759    0.01243     0.00300    0.00400    0.00800  1.00 
point 3 KivuGrid_1_11	   29.39571429  -1.45000000  0.00000e+00     0.01621    0.00850   -0.01600     0.00300    0.00400    0.00800  1.00 
point 3 KivuGrid_2_11	   29.39571429  -1.49285714  0.00000e+00     0.01923    0.01699   -0.00908     0.00300    0.00400    0.00800  1.00 
point 3 KivuGrid_3_11	   29.39571429  -1.53571429  0.00000e+00     0.02716    0.01210   -0.02452     0.00300    0.00400    0.00800  1.00 
point 3 KivuGrid_4_11	   29.39571429  -1.57857143  0.00000e+00     0.03519    0.02172   -0.01453     0.00300    0.00400    0.00800  1.00 
point 3 KivuGrid_5_11	   29.39571429  -1.62142857  0.00000e+00     0.04846    0.02479   -0.02023     0.00300    0.00400    0.00800  1.00 
point 3 KivuGrid_6_11	   29.39571429  -1.66428571  0.00000e+00     0.05256    0.03189   -0.01526     0.00300    0.00400    0.00800  1.00 
point 3 KivuGrid_7_11	   29.39571429  -1.70714286  0.00000e+00     0.04921    0.03518   -0.00902     0.00300    0.00400    0.00800  1.00 
point 3 KivuGrid_8_11	   29.39571429  -1.75000000  0.00000e+00     0.03939    0.04144   -0.00034     0.00300    0.00400    0.00800  1.00 
point 3 KivuGrid_9_11	   29.39571429  -1.79285714  0.00000e+00     0.02176    0.02968   -0.00172     0.00300    0.00400    0.00800  1.00 
point 3 KivuGrid_10_11	   29.39571429  -1.83571429  0.00000e+00     0.00106    0.02304    0.00588     0.00300    0.00400    0.00800  1.00 
point 3 KivuGrid_11_11	   29.39571429  -1.87857143  0.00000e+00    -0.00718    0.02352    0.01774     0.00300    0.00400    0.00800  1.00 
point 3 KivuGrid_12_11	   29.39571429  -1.92142857  0.00000e+00    -0.01153    0.02457    0.02145     0.00300    0.00400    0.00800  1.00 
point 3 KivuGrid_13_11	   29.39571429  -1.96428571  0.00000e+00    -0.01537    0.02332    0.01248     0.00300    0.00400    0.00800  1.00 
point 3 KivuGrid_14_11	   29.39571429  -2.00714286  0.00000e+00    -0.00630    0.01372    0.01654     0.00300    0.00400    0.00800  1.00 
point 3 KivuGrid_15_11	   29.39571429  -2.05000000  0.00000e+00    -0.01399    0.01227    0.00254     0.00300    0.00400    0.00800  1.00 
point 3 KivuGrid_1_12	   29.43928571  -1.45000000  0.00000e+00     0.01872    0.01759    0.00772     0.00300    0.00400    0.00800  1.00 
point 3 KivuGrid_2_12	   29.43928571  -1.49285714  0.00000e+00     0.02118    0.01678   -0.01169     0.00300    0.00400    0.00800  1.00 
point 3 KivuGrid_3_12	   29.43928571  -1.53571429  0.00000e+00     0.02666    0.01949   -0.01415     0.00300    0.00400    0.00800  1.00 
point 3 KivuGrid_4_12	   29.43928571  -1.57857143  0.00000e+00     0.03596    0.02078   -0.00532     0.00300    0.00400    0.00800  1.00 
point 3 KivuGrid_5_12	   29.43928571  -1.62142857  0.00000e+00     0.03841    0.02234   -0.01121     0.00300    0.00400    0.00800  1.00 
point 3 KivuGrid_6_12	   29.43928571  -1.66428571  0.00000e+00     0.04061    0.02826   -0.02320     0.00300    0.00400    0.00800  1.00 
point 3 KivuGrid_7_12	   29.43928571  -1.70714286  0.00000e+00     0.03555    0.02076   -0.00001     0.00300    0.00400    0.00800  1.00 
point 3 KivuGrid_8_12	   29.43928571  -1.75000000  0.00000e+00     0.03358    0.02101    0.00034     0.00300    0.00400    0.00800  1.00 
point 3 KivuGrid_9_12	   29.43928571  -1.79285714  0.00000e+00     0.02225    0.01547    0.01217     0.00300    0.00400    0.00800  1.00 
point 3 KivuGrid_10_12	   29.43928571  -1.83571429  0.00000e+00     0.01024    0.02091    0.00541     0.00300    0.00400    0.00800  1.00 
point 3 KivuGrid_11_12	   29.43928571  -1.87857143  0.00000e+00     0.00122    0.01879    0.01172     0.00300    0.00400    0.00800  1.00 
point 3 KivuGrid_12_12	   29.43928571  -1.92142857  0.00000e+00    -0.00303    0.01867   -0.00152     0.00300    0.00400    0.00800  1.00 
point 3 KivuGrid_13_12	   29.43928571  -1.96428571  0.00000e+00    -0.00491    0.01532    0.02299     0.00300    0.00400    0.00800  1.00 
point 3 KivuGrid_14_12	   29.43928571  -2.00714286  0.00000e+00    -0.00590    0.01053    0.02678     0.00300    0.00400    0.00800  1.00 
point 3 KivuGrid_15_12	   29.43928571  -2.05000000  0.00000e+00    -0.00456    0.01111    0.00411     0.00300    0.00400    0.00800  1.00 
point 3 KivuGrid_1_13	   29.48285714  -1.45000000  0.00000e+00     0.01499    0.00733   -0.01049     0.00300    0.00400    0.00800  1.00 
point 3 KivuGrid_2_13	   29.48285714  -1.49285714  0.00000e+00     0.02093    0.01322    0.00201     0.00300    0.00400    0.00800  1.00 
point 3 KivuGrid_3_13	   29.48285714  -1.53571429  0.00000e+00     0.02664    0.02576   -0.01615     0.00300    0.00400    0.00800  1.00 
point 3 KivuGrid_4_13	   29.48285714  -1.57857143  0.00000e+00     0.02682    0.02463   -0.00674     0.00300    0.00400    0.00800  1.00 
point 3 KivuGrid_5_13	   29.48285714  -1.62142857  0.00000e+00     0.03186    0.02190   -0.00944     0.00300    0.00400    0.00800  1.00 
point 3 KivuGrid_6_13	   29.48285714  -1.66428571  0.00000e+00     0.03178    0.01964   -0.00130     0.00300    0.00400    0.00800  1.00 
point 3 KivuGrid_7_13	   29.48285714  -1.70714286  0.00000e+00     0.03341    0.01992   -0.02220     0.00300    0.00400    0.00800  1.00 
point 3 KivuGrid_8_13	   29.48285714  -1.75000000  0.00000e+00     0.02545    0.01670   -0.00308     0.00300    0.00400    0.00800  1.00 
point 3 KivuGrid_9_13	   29.48285714  -1.79285714  0.00000e+00     0.01982    0.01768    0.00090     0.00300    0.00400    0.00800  1.00 
point 3 KivuGrid_10_13	   29.48285714  -1.83571429  0.00000e+00     0.01068    0.01808   -0.01255     0.00300    0.00400    0.00800  1.00 
point 3 KivuGrid_11_13	   29.48285714  -1.87857143  0.00000e+00     0.00542    0.00887    0.00263     0.00300    0.00400    0.00800  1.00 
point 3 KivuGrid_12_13	   29.48285714  -1.92142857  0.00000e+00    -0.00221    0.01190    0.01041     0.00300    0.00400    0.00800  1.00 
point 3 KivuGrid_13_13	   29.48285714  -1.96428571  0.00000e+00    -0.00389    0.01197   -0.00413     0.00300    0.00400    0.00800  1.00 
point 3 KivuGrid_14_13	   29.48285714  -2.00714286  0.00000e+00    -0.00700    0.00892    0.00380     0.00300    0.00400    0.00800  1.00 
point 3 KivuGrid_15_13	   29.48285714  -2.05000000  0.00000e+00    -0.00401    0.00599    0.00753     0.00300    0.00400    0.00800  1.00 
point 3 KivuGrid_1_14	   29.52642857  -1.45000000  0.00000e+00     0.02545    0.01655   -0.00886     0.00300    0.00400    0.00800  1.00 
point 3 KivuGrid_2_14	   29.52642857  -1.49285714  0.00000e+00     0.01938    0.01549    0.00715     0.00300    0.00400    0.00800  1.00 
point 3 KivuGrid_3_14	   29.52642857  -1.53571429  0.00000e+00     0.02187    0.01027    0.00003     0.00300    0.00400    0.00800  1.00 
point 3 KivuGrid_4_14	   29.52642857  -1.57857143  0.00000e+00     0.02710    0.01028   -0.01122     0.00300    0.00400    0.00800  1.00 
point 3 KivuGrid_5_14	   29.52642857  -1.62142857  0.00000e+00     0.02132    0.01613   -0.00401     0.00300    0.00400    0.00800  1.00 
point 3 KivuGrid_6_14	   29.52642857  -1.66428571  0.00000e+00     0.02922    0.01095    0.00288     0.00300    0.00400    0.00800  1.00 
point 3 KivuGrid_7_14	   29.52642857  -1.70714286  0.00000e+00     0.02107    0.00778   -0.00300     0.00300    0.00400    0.00800  1.00 
point 3 KivuGrid_8_14	   29.52642857  -1.75000000  0.00000e+00     0.02123    0.01041    0.00118     0.00300    0.00400    0.00800  1.00 
point 3 KivuGrid_9_14	   29.52642857  -1.79285714  0.00000e+00     0.01506    0.00710    0.00390     0.00300    0.00400    0.00800  1.00 
point 3 KivuGrid_10_14	   29.52642857  -1.83571429  0.00000e+00     0.00850    0.01336    0.00670     0.00300    0.00400    0.00800  1.00 
point 3 KivuGrid_11_14	   29.52642857  -1.87857143  0.00000e+00     0.00169    0.01900   -0.00807     0.00300    0.00400    0.00800  1.00 
point 3 KivuGrid_12_14	   29.52642857  -1.92142857  0.00000e+00     0.00146    0.00287   -0.00164     0.00300    0.00400    0.00800  1.00 
point 3 KivuGrid_13_14	   29.52642857  -1.96428571  0.00000e+00     0.00125    0.01282    0.00171     0.00300    0.00400    0.00800  1.00 
point 3 KivuGrid_14_14	   29.52642857  -2.00714286  0.00000e+00    -0.00132    0.01073   -0.00791     0.00300    0.00400    0.00800  1.00 
point 3 KivuGrid_15_14	   29.52642857  -2.05000000  0.00000e+00     0.00032    0.00505   -0.00633     0.00300    0.00400    0.00800  1.00 
point 3 KivuGrid_1_15	   29.57000000  -1.45000000  0.00000e+00     0.01088    0.01408   -0.00146     0.00300    0.00400    0.00800  1.00 
point 3 KivuGrid_2_15	   29.57000000  -1.49285714  0.00000e+00     0.01724    0.00752   -0.00197     0.00300    0.00400    0.00800  1.00 
point 3 KivuGrid_3_15	   29.57000000  -1.53571429  0.00000e+00     0.01514    0.00409    0.00213     0.00300    0.00400    0.00800  1.00 
point 3 KivuGrid_4_15	   29.57000000  -1.57857143  0.00000e+00     0.02110    0.00728   -0.00256     0.00300    0.00400    0.00800  1.00 
point 3 KivuGrid_5_15	   29.57000000  -1.62142857  0.00000e+00     0.02310    0.01379   -0.01152     0.00300    0.00400    0.00800  1.00 
point 3 KivuGrid_6_15	   29.57000000  -1.66428571  0.00000e+00     0.01870    0.01241   -0.00502     0.00300    0.00400    0.00800  1.00 
point 3 KivuGrid_7_15	   29.57000000  -1.70714286  0.00000e+00     0.02304    0.01385   -0.00971     0.00300    0.00400    0.00800  1.00 
point 3 KivuGrid_8_15	   29.57000000  -1.75000000  0.00000e+00     0.01472    0.01088    0.00424     0.00300    0.00400    0.00800  1.00 
point 3 KivuGrid_9_15	   29.57000000  -1.79285714  0.00000e+00     0.01418    0.01324   -0.01330     0.00300    0.00400    0.00800  1.00 
point 3 KivuGrid_10_15	   29.57000000  -1.83571429  0.00000e+00     0.00720   -0.00024    0.00716     0.00300    0.00400    0.00800  1.00 
point 3 KivuGrid_11_15	   29.57000000  -1.87857143  0.00000e+00     0.00225    0.00639    0.00561     0.00300    0.00400    0.00800  1.00 
point 3 KivuGrid_12_15	   29.57000000  -1.92142857  0.00000e+00    -0.00068    0.00612    0.00886     0.00300    0.00400    0.00800  1.00 
point 3 KivuGrid_13_15	   29.57000000  -1.96428571  0.00000e+00    -0.00497    0.00728   -0.00123     0.00300    0.00400    0.00800  1.00 
point 3 KivuGrid_14_15	   29.57000000  -2.00714286  0.00000e+00     0.00259    0.01161    0.00538     0.00300    0.00400    0.00800  1.00 
point 3 KivuGrid_15_15	   29.57000000  -2.05000000  0.00000e+00    -0.01005    0.00431    0.00364     0.00300    0.00400    0.00800  1.00 
